Accuracy: 0.9563
                 precision    recall  f1-score   support

           call     0.9926    0.9751    0.9838      4936
        dislike     0.9822    0.9866    0.9844      4932
           fist     0.9821    0.9893    0.9857      4877
           four     0.9819    0.9938    0.9878      4969
       grabbing     0.9735    0.9866    0.9800      4837
           grip     0.9838    0.9824    0.9831      4760
     hand_heart     0.9804    0.9716    0.9760      8989
    hand_heart2     0.9057    0.9494    0.9270      5339
           holy     0.9271    0.9434    0.9352      5933
           like     0.9861    0.9759    0.9810      4940
  little_finger     0.9919    0.9906    0.9913      4918
  middle_finger     0.9843    0.9829    0.9836      4845
           mute     0.9713    0.9701    0.9707      4922
     no_gesture     0.9821    0.9762    0.9792     25867
             ok     0.9859    0.9946    0.9902      4989
            one     0.9712    0.9688    0.9700      4943
           palm     0.9882    0.9888    0.9885      4991
          peace     0.9851    0.9847    0.9849      4953
 peace_inverted     0.9830    0.9860    0.9845      4939
          point     0.9489    0.9688    0.9588      4583
           rock     0.9929    0.9903    0.9916      4945
           stop     0.9833    0.9817    0.9825      4979
  stop_inverted     0.9796    0.9903    0.9849      4941
   take_picture     0.9618    0.9317    0.9465      7133
          three     0.9891    0.9871    0.9881      4965
         three2     0.9970    0.9930    0.9950      4972
         three3     0.9925    0.9897    0.9911      4973
      three_gun     0.9892    0.9954    0.9923      4968
    thumb_index     0.5627    0.8810    0.6867      4956
   thumb_index2     0.9031    0.6044    0.7242      9124
        timeout     0.8925    0.8852    0.8888      4905
         two_up     0.9880    0.9882    0.9881      4936
two_up_inverted     0.9850    0.9750    0.9800      4918
          xsign     0.9363    0.9704    0.9531      5954

       accuracy                         0.9563    201131
      macro avg     0.9600    0.9626    0.9594    201131
   weighted avg     0.9612    0.9563    0.9565    201131
